%начальное распределение
P0 = [0.14 0.174 0.12 0.273 0.02 0.093 0.016 0.164];

%матрица вероятностей переходов
P = [0.156 0.135 0.05 0.346 0.119 0.045 0.078 0.071;
    0.094 0.271 0.156 0.023 0.096 0.175 0.065 0.12;
    0.225 0.075 0.25 0.05 0.05 0.1 0.15 0.1;
    0.076 0.097 0.065 0.234 0.312 0.156 0.023 0.037;
    0.12 0.2 0.352 0.123 0.065 0.063 0.032 0.045
    0.3 0.05 0.05 0.12 0.08 0.015 0.085 0.2;
    0.09 0.01 0.02 0.045 0.055 0.48 0.2 0.1;
    0.3 0.1 0.1 0.1 0.1 0.1 0.15 0.05;];

%Создание единичной матрицы
I = eye(8);
%вычитаем из транспонированний матрицы вероятносей переходов единичную
A = P' - I;
%заполняем нижнуюю строку итоговой матрицы единицами
A(8,:) =ones(1,8);
%решаем СЛАУ
b = [0; 0; 0; 0; 0; 0; 0; 1];
npi = A\ b

%Свойство 1 (P.*Z == Z.*P)
one = P.*Z
two = Z.*P

%Свойство 2 (nu == Znu)
nu=[1; 1; 1; 1; 1; 1; 1; 1]
answer2 = Z*nu

%Свойство 3 (npi == npi*Z)
answer3 = npi'*Z

%Свойство 4 (I - Z == N - P * Z)
one4 = I - Z
two4 = N - P * Z
